48939
49051
48907
48843
48779
48715
48891
49067
49003
48811
49003
48923
49067
48907
48971
48891
48907
49051
48907
49131
49164
48907
48795
48875
48811
48843
49164
48715
48923
48907
49035
49003
49115
48843
48891
48987
48923
49003
48907
48907
49099
48987
48475
48811
49051
48987
49035
48971
49067
48907
49067
48779
48907
48907
48811
48875
48907
48907
48939
48907
49131
48875
48923
48939
48907
49067
48923
48875
48907
48987
49051
48875
48843
48955
48875
48907
49147
49164
49003
48907
48907
49067
49212
48907
48923
48971
48875
48875
48907
48475
48939
48779
48907
48891
49228
48875
49035
48363
48907
48923
49035
48955
48907
48635
48747
49228
49035
48955
48923
48907
48971
48907
48875
48907
49003
48907
49003
48891
48907
48907
49003
49067
48987
48907
48971
48875
48907
48907
48811
48939
49099
48907
49244
49035
49035
48907
48971
48907
48891
49035
48875
49003
49051
48907
48859
48875
48859
48891
49083
48907