48395
48395
48395
48395
48555
48411
48571
48539
48731
48315
48555
48523
48523
48299
48411
48203
48443
48411
48395
48395
48555
48587
48459
48411
48363
48139
48315
48459
48411
48555
48411
48539
48411
48411
48235
48411
48411
48411
48411
48411
48587
48587
48539
48395
48891
48411
48299
48443
48539
48395
48571
48411
48427
48267
48379
48411
48491
48427
48395
48411
48395
48395
48395
48411
48539
48539
48411
48523
48395
48203
48475
48491
48283
48395
48587
48555
48667
48539
48523
48395
48411
48411
48459
48475
48267
48555
48363
48363
48395
48603
48731
48411
48075
48299
48411
48395
48555
48139
48395
48395
48523
48283
48395
48571
48475
48427
48219
48411
48395
48395
48555
48427
48411
48363
48411
48539
48683
48395
48491
48475
48491
48539
48395
48363
48523
48395
48395
48395
48491
48395
48379
48395
48555
48363
48363
48363
48443
48523
48395
48427
48475
48443
48539
48523
48587
48491
48139
48475
48363