37801
37497
37513
37513
37641
37433
37417
37545
37657
37401
37385
37513
37353
37609
37321
37545
37481
37305
37449
37449
37305
37289
37289
37305
37273
37337
37353
37385
36488
37241
37081
37449
37321
37385
37609
37289
37321
37849
37305
37289
37257
37449
37273
37273
37289
37417
37289
37305
37209
37385
37305
37305
37305
37305
37257
37273
37081
37273
37193
37305
37273
37401
37113
37401
37385
37241
37225
37257
37401
37257
37737
37769
37225
37401
37385
37385
37193
37193
37321
37353
37177
37177
37193
37097
37257
37177
37193
37337
37289
37177
37161
37145
37305
37161
37033
37161
37145
37113
37321
36840
36840
37161
37177
37225
37129
37097
37465
37049
37129
37097
37209
37081
37081
37193
37097
37081
37001
37081
37081
37065
37209
37097
37081
37193
37081
37145
37049
36937
37113
37065
37065
37257
37321
36921
37209
37225
37321
37049
37049
37049
37065
37049
37033
37065
37129
37273
36696
37145
36840
37177