26790
26886
26806
26950
26790
27110
26902
26822
26822
26838
26934
27014
26902
26838
26950
26934
26934
26838
26822
26886
26998
26982
26966
26838
26950
26982
27014
26982
26838
26950
27046
26822
26902
26646
26854
26918
26822
26950
26982
26822
26838
26854
26854
26774
26854
26982
26966
26998
26854
27014
26918
26854
26854
26886
26854
26966
26870
26838
26966
26646
27030
26934
26822
26966
26822
26838
26950
26854
26838
26950
27030
26038
26854
26838
26902
26358
26838
26838
26902
26838
26838
26934
26982
27238
26838
26966
26806
26710
26966
26838
26854
27190
27046
26918
26838
26966
26822
26950
26806
26966
26982
26966
27094
26902
26838
26822
25878
26822
26822
26838
26806
26950
26758
26582
26822
26838
26950
26886
26806
26822
26822
26822
26822
26934
26822
26806
26854
26518
27094
26582
27270
26774
26758
26934
26822
26822
26902
26838
26966
26806
26790
26838
26742
26806
26902
26678
27014
26806
26950
26886